alpha: 2.0193311079775227
beta: -0.23003546324143453